  2809
    43    21     1    -1
    44    21     1    -1
    45    21     1    -1
    46    21     1    -1
    47    21     1    -1
    48    21     1    -1
    49    21     1    -1
    50    21     1    -1
    51    21     1    -1
    52    21     1    -1
    53    21     1    -1
    54    21     1    -1
    55    21     1    -1
    56    21     1    -1
    57    21     1    -1
    40    22     1    -1
    41    22     1    -1
    42    22     1    -1
    43    22     1    -1
    44    22     1    -1
    45    22     1    -1
    46    22     1    -1
    47    22     1    -1
    48    22     1    -1
    49    22     1    -1
    50    22     1    -1
    51    22     1    -1
    52    22     1    -1
    53    22     1    -1
    54    22     1    -1
    55    22     1    -1
    56    22     1    -1
    57    22     1    -1
    58    22     1    -1
    59    22     1    -1
    60    22     1    -1
    37    23     1    -1
    38    23     1    -1
    39    23     1    -1
    40    23     1    -1
    41    23     1    -1
    42    23     1    -1
    43    23     1    -1
    44    23     1    -1
    45    23     1    -1
    46    23     1    -1
    47    23     1    -1
    48    23     1    -1
    49    23     1    -1
    50    23     1    -1
    51    23     1    -1
    52    23     1    -1
    53    23     1    -1
    54    23     1    -1
    55    23     1    -1
    56    23     1    -1
    57    23     1    -1
    58    23     1    -1
    59    23     1    -1
    60    23     1    -1
    61    23     1    -1
    62    23     1    -1
    63    23     1    -1
    36    24     1    -1
    37    24     1    -1
    38    24     1    -1
    39    24     1    -1
    40    24     1    -1
    41    24     1    -1
    42    24     1    -1
    43    24     1    -1
    44    24     1    -1
    45    24     1    -1
    46    24     1    -1
    47    24     1    -1
    48    24     1    -1
    49    24     1    -1
    50    24     1    -1
    51    24     1    -1
    52    24     1    -1
    53    24     1    -1
    54    24     1    -1
    55    24     1    -1
    56    24     1    -1
    57    24     1    -1
    58    24     1    -1
    59    24     1    -1
    60    24     1    -1
    61    24     1    -1
    62    24     1    -1
    63    24     1    -1
    64    24     1    -1
    34    25     1    -1
    35    25     1    -1
    36    25     1    -1
    37    25     1    -1
    38    25     1    -1
    39    25     1    -1
    40    25     1    -1
    41    25     1    -1
    42    25     1    -1
    43    25     1    -1
    44    25     1    -1
    45    25     1    -1
    46    25     1    -1
    47    25     1    -1
    48    25     1    -1
    49    25     1    -1
    50    25     1    -1
    51    25     1    -1
    52    25     1    -1
    53    25     1    -1
    54    25     1    -1
    55    25     1    -1
    56    25     1    -1
    57    25     1    -1
    58    25     1    -1
    59    25     1    -1
    60    25     1    -1
    61    25     1    -1
    62    25     1    -1
    63    25     1    -1
    64    25     1    -1
    65    25     1    -1
    66    25     1    -1
    33    26     1    -1
    34    26     1    -1
    35    26     1    -1
    36    26     1    -1
    37    26     1    -1
    38    26     1    -1
    39    26     1    -1
    40    26     1    -1
    41    26     1    -1
    42    26     1    -1
    43    26     1    -1
    44    26     1    -1
    45    26     1    -1
    46    26     1    -1
    47    26     1    -1
    48    26     1    -1
    49    26     1    -1
    50    26     1    -1
    51    26     1    -1
    52    26     1    -1
    53    26     1    -1
    54    26     1    -1
    55    26     1    -1
    56    26     1    -1
    57    26     1    -1
    58    26     1    -1
    59    26     1    -1
    60    26     1    -1
    61    26     1    -1
    62    26     1    -1
    63    26     1    -1
    64    26     1    -1
    65    26     1    -1
    66    26     1    -1
    67    26     1    -1
    31    27     1    -1
    32    27     1    -1
    33    27     1    -1
    34    27     1    -1
    35    27     1    -1
    36    27     1    -1
    37    27     1    -1
    38    27     1    -1
    39    27     1    -1
    40    27     1    -1
    41    27     1    -1
    42    27     1    -1
    43    27     1    -1
    44    27     1    -1
    45    27     1    -1
    46    27     1    -1
    47    27     1    -1
    48    27     1    -1
    49    27     1    -1
    50    27     1    -1
    51    27     1    -1
    52    27     1    -1
    53    27     1    -1
    54    27     1    -1
    55    27     1    -1
    56    27     1    -1
    57    27     1    -1
    58    27     1    -1
    59    27     1    -1
    60    27     1    -1
    61    27     1    -1
    62    27     1    -1
    63    27     1    -1
    64    27     1    -1
    65    27     1    -1
    66    27     1    -1
    67    27     1    -1
    68    27     1    -1
    69    27     1    -1
    30    28     1    -1
    31    28     1    -1
    32    28     1    -1
    33    28     1    -1
    34    28     1    -1
    35    28     1    -1
    36    28     1    -1
    37    28     1    -1
    38    28     1    -1
    39    28     1    -1
    40    28     1    -1
    41    28     1    -1
    42    28     1    -1
    43    28     1    -1
    44    28     1    -1
    45    28     1    -1
    46    28     1    -1
    47    28     1    -1
    48    28     1    -1
    49    28     1    -1
    50    28     1    -1
    51    28     1    -1
    52    28     1    -1
    53    28     1    -1
    54    28     1    -1
    55    28     1    -1
    56    28     1    -1
    57    28     1    -1
    58    28     1    -1
    59    28     1    -1
    60    28     1    -1
    61    28     1    -1
    62    28     1    -1
    63    28     1    -1
    64    28     1    -1
    65    28     1    -1
    66    28     1    -1
    67    28     1    -1
    68    28     1    -1
    69    28     1    -1
    70    28     1    -1
    29    29     1    -1
    30    29     1    -1
    31    29     1    -1
    32    29     1    -1
    33    29     1    -1
    34    29     1    -1
    35    29     1    -1
    36    29     1    -1
    37    29     1    -1
    38    29     1    -1
    39    29     1    -1
    40    29     1    -1
    41    29     1    -1
    42    29     1    -1
    43    29     1    -1
    44    29     1    -1
    45    29     1    -1
    46    29     1    -1
    47    29     1    -1
    48    29     1    -1
    49    29     1    -1
    50    29     1    -1
    51    29     1    -1
    52    29     1    -1
    53    29     1    -1
    54    29     1    -1
    55    29     1    -1
    56    29     1    -1
    57    29     1    -1
    58    29     1    -1
    59    29     1    -1
    60    29     1    -1
    61    29     1    -1
    62    29     1    -1
    63    29     1    -1
    64    29     1    -1
    65    29     1    -1
    66    29     1    -1
    67    29     1    -1
    68    29     1    -1
    69    29     1    -1
    70    29     1    -1
    71    29     1    -1
    28    30     1    -1
    29    30     1    -1
    30    30     1    -1
    31    30     1    -1
    32    30     1    -1
    33    30     1    -1
    34    30     1    -1
    35    30     1    -1
    36    30     1    -1
    37    30     1    -1
    38    30     1    -1
    39    30     1    -1
    40    30     1    -1
    41    30     1    -1
    42    30     1    -1
    43    30     1    -1
    44    30     1    -1
    45    30     1    -1
    46    30     1    -1
    47    30     1    -1
    48    30     1    -1
    49    30     1    -1
    50    30     1    -1
    51    30     1    -1
    52    30     1    -1
    53    30     1    -1
    54    30     1    -1
    55    30     1    -1
    56    30     1    -1
    57    30     1    -1
    58    30     1    -1
    59    30     1    -1
    60    30     1    -1
    61    30     1    -1
    62    30     1    -1
    63    30     1    -1
    64    30     1    -1
    65    30     1    -1
    66    30     1    -1
    67    30     1    -1
    68    30     1    -1
    69    30     1    -1
    70    30     1    -1
    71    30     1    -1
    72    30     1    -1
    27    31     1    -1
    28    31     1    -1
    29    31     1    -1
    30    31     1    -1
    31    31     1    -1
    32    31     1    -1
    33    31     1    -1
    34    31     1    -1
    35    31     1    -1
    36    31     1    -1
    37    31     1    -1
    38    31     1    -1
    39    31     1    -1
    40    31     1    -1
    41    31     1    -1
    42    31     1    -1
    43    31     1    -1
    44    31     1    -1
    45    31     1    -1
    46    31     1    -1
    47    31     1    -1
    48    31     1    -1
    49    31     1    -1
    50    31     1    -1
    51    31     1    -1
    52    31     1    -1
    53    31     1    -1
    54    31     1    -1
    55    31     1    -1
    56    31     1    -1
    57    31     1    -1
    58    31     1    -1
    59    31     1    -1
    60    31     1    -1
    61    31     1    -1
    62    31     1    -1
    63    31     1    -1
    64    31     1    -1
    65    31     1    -1
    66    31     1    -1
    67    31     1    -1
    68    31     1    -1
    69    31     1    -1
    70    31     1    -1
    71    31     1    -1
    72    31     1    -1
    73    31     1    -1
    27    32     1    -1
    28    32     1    -1
    29    32     1    -1
    30    32     1    -1
    31    32     1    -1
    32    32     1    -1
    33    32     1    -1
    34    32     1    -1
    35    32     1    -1
    36    32     1    -1
    37    32     1    -1
    38    32     1    -1
    39    32     1    -1
    40    32     1    -1
    41    32     1    -1
    42    32     1    -1
    43    32     1    -1
    44    32     1    -1
    45    32     1    -1
    46    32     1    -1
    47    32     1    -1
    48    32     1    -1
    49    32     1    -1
    50    32     1    -1
    51    32     1    -1
    52    32     1    -1
    53    32     1    -1
    54    32     1    -1
    55    32     1    -1
    56    32     1    -1
    57    32     1    -1
    58    32     1    -1
    59    32     1    -1
    60    32     1    -1
    61    32     1    -1
    62    32     1    -1
    63    32     1    -1
    64    32     1    -1
    65    32     1    -1
    66    32     1    -1
    67    32     1    -1
    68    32     1    -1
    69    32     1    -1
    70    32     1    -1
    71    32     1    -1
    72    32     1    -1
    73    32     1    -1
    26    33     1    -1
    27    33     1    -1
    28    33     1    -1
    29    33     1    -1
    30    33     1    -1
    31    33     1    -1
    32    33     1    -1
    33    33     1    -1
    34    33     1    -1
    35    33     1    -1
    36    33     1    -1
    37    33     1    -1
    38    33     1    -1
    39    33     1    -1
    40    33     1    -1
    41    33     1    -1
    42    33     1    -1
    43    33     1    -1
    44    33     1    -1
    45    33     1    -1
    46    33     1    -1
    47    33     1    -1
    48    33     1    -1
    49    33     1    -1
    50    33     1    -1
    51    33     1    -1
    52    33     1    -1
    53    33     1    -1
    54    33     1    -1
    55    33     1    -1
    56    33     1    -1
    57    33     1    -1
    58    33     1    -1
    59    33     1    -1
    60    33     1    -1
    61    33     1    -1
    62    33     1    -1
    63    33     1    -1
    64    33     1    -1
    65    33     1    -1
    66    33     1    -1
    67    33     1    -1
    68    33     1    -1
    69    33     1    -1
    70    33     1    -1
    71    33     1    -1
    72    33     1    -1
    73    33     1    -1
    74    33     1    -1
    25    34     1    -1
    26    34     1    -1
    27    34     1    -1
    28    34     1    -1
    29    34     1    -1
    30    34     1    -1
    31    34     1    -1
    32    34     1    -1
    33    34     1    -1
    34    34     1    -1
    35    34     1    -1
    36    34     1    -1
    37    34     1    -1
    38    34     1    -1
    39    34     1    -1
    40    34     1    -1
    41    34     1    -1
    42    34     1    -1
    43    34     1    -1
    44    34     1    -1
    45    34     1    -1
    46    34     1    -1
    47    34     1    -1
    48    34     1    -1
    49    34     1    -1
    50    34     1    -1
    51    34     1    -1
    52    34     1    -1
    53    34     1    -1
    54    34     1    -1
    55    34     1    -1
    56    34     1    -1
    57    34     1    -1
    58    34     1    -1
    59    34     1    -1
    60    34     1    -1
    61    34     1    -1
    62    34     1    -1
    63    34     1    -1
    64    34     1    -1
    65    34     1    -1
    66    34     1    -1
    67    34     1    -1
    68    34     1    -1
    69    34     1    -1
    70    34     1    -1
    71    34     1    -1
    72    34     1    -1
    73    34     1    -1
    74    34     1    -1
    75    34     1    -1
    25    35     1    -1
    26    35     1    -1
    27    35     1    -1
    28    35     1    -1
    29    35     1    -1
    30    35     1    -1
    31    35     1    -1
    32    35     1    -1
    33    35     1    -1
    34    35     1    -1
    35    35     1    -1
    36    35     1    -1
    37    35     1    -1
    38    35     1    -1
    39    35     1    -1
    40    35     1    -1
    41    35     1    -1
    42    35     1    -1
    43    35     1    -1
    44    35     1    -1
    45    35     1    -1
    46    35     1    -1
    47    35     1    -1
    48    35     1    -1
    49    35     1    -1
    50    35     1    -1
    51    35     1    -1
    52    35     1    -1
    53    35     1    -1
    54    35     1    -1
    55    35     1    -1
    56    35     1    -1
    57    35     1    -1
    58    35     1    -1
    59    35     1    -1
    60    35     1    -1
    61    35     1    -1
    62    35     1    -1
    63    35     1    -1
    64    35     1    -1
    65    35     1    -1
    66    35     1    -1
    67    35     1    -1
    68    35     1    -1
    69    35     1    -1
    70    35     1    -1
    71    35     1    -1
    72    35     1    -1
    73    35     1    -1
    74    35     1    -1
    75    35     1    -1
    24    36     1    -1
    25    36     1    -1
    26    36     1    -1
    27    36     1    -1
    28    36     1    -1
    29    36     1    -1
    30    36     1    -1
    31    36     1    -1
    32    36     1    -1
    33    36     1    -1
    34    36     1    -1
    35    36     1    -1
    36    36     1    -1
    37    36     1    -1
    38    36     1    -1
    39    36     1    -1
    40    36     1    -1
    41    36     1    -1
    42    36     1    -1
    43    36     1    -1
    44    36     1    -1
    45    36     1    -1
    46    36     1    -1
    47    36     1    -1
    48    36     1    -1
    49    36     1    -1
    50    36     1    -1
    51    36     1    -1
    52    36     1    -1
    53    36     1    -1
    54    36     1    -1
    55    36     1    -1
    56    36     1    -1
    57    36     1    -1
    58    36     1    -1
    59    36     1    -1
    60    36     1    -1
    61    36     1    -1
    62    36     1    -1
    63    36     1    -1
    64    36     1    -1
    65    36     1    -1
    66    36     1    -1
    67    36     1    -1
    68    36     1    -1
    69    36     1    -1
    70    36     1    -1
    71    36     1    -1
    72    36     1    -1
    73    36     1    -1
    74    36     1    -1
    75    36     1    -1
    76    36     1    -1
    23    37     1    -1
    24    37     1    -1
    25    37     1    -1
    26    37     1    -1
    27    37     1    -1
    28    37     1    -1
    29    37     1    -1
    30    37     1    -1
    31    37     1    -1
    32    37     1    -1
    33    37     1    -1
    34    37     1    -1
    35    37     1    -1
    36    37     1    -1
    37    37     1    -1
    38    37     1    -1
    39    37     1    -1
    40    37     1    -1
    41    37     1    -1
    42    37     1    -1
    43    37     1    -1
    44    37     1    -1
    45    37     1    -1
    46    37     1    -1
    47    37     1    -1
    48    37     1    -1
    49    37     1    -1
    50    37     1    -1
    51    37     1    -1
    52    37     1    -1
    53    37     1    -1
    54    37     1    -1
    55    37     1    -1
    56    37     1    -1
    57    37     1    -1
    58    37     1    -1
    59    37     1    -1
    60    37     1    -1
    61    37     1    -1
    62    37     1    -1
    63    37     1    -1
    64    37     1    -1
    65    37     1    -1
    66    37     1    -1
    67    37     1    -1
    68    37     1    -1
    69    37     1    -1
    70    37     1    -1
    71    37     1    -1
    72    37     1    -1
    73    37     1    -1
    74    37     1    -1
    75    37     1    -1
    76    37     1    -1
    77    37     1    -1
    23    38     1    -1
    24    38     1    -1
    25    38     1    -1
    26    38     1    -1
    27    38     1    -1
    28    38     1    -1
    29    38     1    -1
    30    38     1    -1
    31    38     1    -1
    32    38     1    -1
    33    38     1    -1
    34    38     1    -1
    35    38     1    -1
    36    38     1    -1
    37    38     1    -1
    38    38     1    -1
    39    38     1    -1
    40    38     1    -1
    41    38     1    -1
    42    38     1    -1
    43    38     1    -1
    44    38     1    -1
    45    38     1    -1
    46    38     1    -1
    47    38     1    -1
    48    38     1    -1
    49    38     1    -1
    50    38     1    -1
    51    38     1    -1
    52    38     1    -1
    53    38     1    -1
    54    38     1    -1
    55    38     1    -1
    56    38     1    -1
    57    38     1    -1
    58    38     1    -1
    59    38     1    -1
    60    38     1    -1
    61    38     1    -1
    62    38     1    -1
    63    38     1    -1
    64    38     1    -1
    65    38     1    -1
    66    38     1    -1
    67    38     1    -1
    68    38     1    -1
    69    38     1    -1
    70    38     1    -1
    71    38     1    -1
    72    38     1    -1
    73    38     1    -1
    74    38     1    -1
    75    38     1    -1
    76    38     1    -1
    77    38     1    -1
    23    39     1    -1
    24    39     1    -1
    25    39     1    -1
    26    39     1    -1
    27    39     1    -1
    28    39     1    -1
    29    39     1    -1
    30    39     1    -1
    31    39     1    -1
    32    39     1    -1
    33    39     1    -1
    34    39     1    -1
    35    39     1    -1
    36    39     1    -1
    37    39     1    -1
    38    39     1    -1
    39    39     1    -1
    40    39     1    -1
    41    39     1    -1
    42    39     1    -1
    43    39     1    -1
    44    39     1    -1
    45    39     1    -1
    46    39     1    -1
    47    39     1    -1
    48    39     1    -1
    49    39     1    -1
    50    39     1    -1
    51    39     1    -1
    52    39     1    -1
    53    39     1    -1
    54    39     1    -1
    55    39     1    -1
    56    39     1    -1
    57    39     1    -1
    58    39     1    -1
    59    39     1    -1
    60    39     1    -1
    61    39     1    -1
    62    39     1    -1
    63    39     1    -1
    64    39     1    -1
    65    39     1    -1
    66    39     1    -1
    67    39     1    -1
    68    39     1    -1
    69    39     1    -1
    70    39     1    -1
    71    39     1    -1
    72    39     1    -1
    73    39     1    -1
    74    39     1    -1
    75    39     1    -1
    76    39     1    -1
    77    39     1    -1
    22    40     1    -1
    23    40     1    -1
    24    40     1    -1
    25    40     1    -1
    26    40     1    -1
    27    40     1    -1
    28    40     1    -1
    29    40     1    -1
    30    40     1    -1
    31    40     1    -1
    32    40     1    -1
    33    40     1    -1
    34    40     1    -1
    35    40     1    -1
    36    40     1    -1
    37    40     1    -1
    38    40     1    -1
    39    40     1    -1
    40    40     1    -1
    41    40     1    -1
    42    40     1    -1
    43    40     1    -1
    44    40     1    -1
    45    40     1    -1
    46    40     1    -1
    47    40     1    -1
    48    40     1    -1
    49    40     1    -1
    50    40     1    -1
    51    40     1    -1
    52    40     1    -1
    53    40     1    -1
    54    40     1    -1
    55    40     1    -1
    56    40     1    -1
    57    40     1    -1
    58    40     1    -1
    59    40     1    -1
    60    40     1    -1
    61    40     1    -1
    62    40     1    -1
    63    40     1    -1
    64    40     1    -1
    65    40     1    -1
    66    40     1    -1
    67    40     1    -1
    68    40     1    -1
    69    40     1    -1
    70    40     1    -1
    71    40     1    -1
    72    40     1    -1
    73    40     1    -1
    74    40     1    -1
    75    40     1    -1
    76    40     1    -1
    77    40     1    -1
    78    40     1    -1
    22    41     1    -1
    23    41     1    -1
    24    41     1    -1
    25    41     1    -1
    26    41     1    -1
    27    41     1    -1
    28    41     1    -1
    29    41     1    -1
    30    41     1    -1
    31    41     1    -1
    32    41     1    -1
    33    41     1    -1
    34    41     1    -1
    35    41     1    -1
    36    41     1    -1
    37    41     1    -1
    38    41     1    -1
    39    41     1    -1
    40    41     1    -1
    41    41     1    -1
    42    41     1    -1
    43    41     1    -1
    44    41     1    -1
    45    41     1    -1
    46    41     1    -1
    47    41     1    -1
    48    41     1    -1
    49    41     1    -1
    50    41     1    -1
    51    41     1    -1
    52    41     1    -1
    53    41     1    -1
    54    41     1    -1
    55    41     1    -1
    56    41     1    -1
    57    41     1    -1
    58    41     1    -1
    59    41     1    -1
    60    41     1    -1
    61    41     1    -1
    62    41     1    -1
    63    41     1    -1
    64    41     1    -1
    65    41     1    -1
    66    41     1    -1
    67    41     1    -1
    68    41     1    -1
    69    41     1    -1
    70    41     1    -1
    71    41     1    -1
    72    41     1    -1
    73    41     1    -1
    74    41     1    -1
    75    41     1    -1
    76    41     1    -1
    77    41     1    -1
    78    41     1    -1
    22    42     1    -1
    23    42     1    -1
    24    42     1    -1
    25    42     1    -1
    26    42     1    -1
    27    42     1    -1
    28    42     1    -1
    29    42     1    -1
    30    42     1    -1
    31    42     1    -1
    32    42     1    -1
    33    42     1    -1
    34    42     1    -1
    35    42     1    -1
    36    42     1    -1
    37    42     1    -1
    38    42     1    -1
    39    42     1    -1
    40    42     1    -1
    41    42     1    -1
    42    42     1    -1
    43    42     1    -1
    44    42     1    -1
    45    42     1    -1
    46    42     1    -1
    47    42     1    -1
    48    42     1    -1
    49    42     1    -1
    50    42     1    -1
    51    42     1    -1
    52    42     1    -1
    53    42     1    -1
    54    42     1    -1
    55    42     1    -1
    56    42     1    -1
    57    42     1    -1
    58    42     1    -1
    59    42     1    -1
    60    42     1    -1
    61    42     1    -1
    62    42     1    -1
    63    42     1    -1
    64    42     1    -1
    65    42     1    -1
    66    42     1    -1
    67    42     1    -1
    68    42     1    -1
    69    42     1    -1
    70    42     1    -1
    71    42     1    -1
    72    42     1    -1
    73    42     1    -1
    74    42     1    -1
    75    42     1    -1
    76    42     1    -1
    77    42     1    -1
    78    42     1    -1
    21    43     1    -1
    22    43     1    -1
    23    43     1    -1
    24    43     1    -1
    25    43     1    -1
    26    43     1    -1
    27    43     1    -1
    28    43     1    -1
    29    43     1    -1
    30    43     1    -1
    31    43     1    -1
    32    43     1    -1
    33    43     1    -1
    34    43     1    -1
    35    43     1    -1
    36    43     1    -1
    37    43     1    -1
    38    43     1    -1
    39    43     1    -1
    40    43     1    -1
    41    43     1    -1
    42    43     1    -1
    43    43     1    -1
    44    43     1    -1
    45    43     1    -1
    46    43     1    -1
    47    43     1    -1
    48    43     1    -1
    49    43     1    -1
    50    43     1    -1
    51    43     1    -1
    52    43     1    -1
    53    43     1    -1
    54    43     1    -1
    55    43     1    -1
    56    43     1    -1
    57    43     1    -1
    58    43     1    -1
    59    43     1    -1
    60    43     1    -1
    61    43     1    -1
    62    43     1    -1
    63    43     1    -1
    64    43     1    -1
    65    43     1    -1
    66    43     1    -1
    67    43     1    -1
    68    43     1    -1
    69    43     1    -1
    70    43     1    -1
    71    43     1    -1
    72    43     1    -1
    73    43     1    -1
    74    43     1    -1
    75    43     1    -1
    76    43     1    -1
    77    43     1    -1
    78    43     1    -1
    79    43     1    -1
    21    44     1    -1
    22    44     1    -1
    23    44     1    -1
    24    44     1    -1
    25    44     1    -1
    26    44     1    -1
    27    44     1    -1
    28    44     1    -1
    29    44     1    -1
    30    44     1    -1
    31    44     1    -1
    32    44     1    -1
    33    44     1    -1
    34    44     1    -1
    35    44     1    -1
    36    44     1    -1
    37    44     1    -1
    38    44     1    -1
    39    44     1    -1
    40    44     1    -1
    41    44     1    -1
    42    44     1    -1
    43    44     1    -1
    44    44     1    -1
    45    44     1    -1
    46    44     1    -1
    47    44     1    -1
    48    44     1    -1
    49    44     1    -1
    50    44     1    -1
    51    44     1    -1
    52    44     1    -1
    53    44     1    -1
    54    44     1    -1
    55    44     1    -1
    56    44     1    -1
    57    44     1    -1
    58    44     1    -1
    59    44     1    -1
    60    44     1    -1
    61    44     1    -1
    62    44     1    -1
    63    44     1    -1
    64    44     1    -1
    65    44     1    -1
    66    44     1    -1
    67    44     1    -1
    68    44     1    -1
    69    44     1    -1
    70    44     1    -1
    71    44     1    -1
    72    44     1    -1
    73    44     1    -1
    74    44     1    -1
    75    44     1    -1
    76    44     1    -1
    77    44     1    -1
    78    44     1    -1
    79    44     1    -1
    21    45     1    -1
    22    45     1    -1
    23    45     1    -1
    24    45     1    -1
    25    45     1    -1
    26    45     1    -1
    27    45     1    -1
    28    45     1    -1
    29    45     1    -1
    30    45     1    -1
    31    45     1    -1
    32    45     1    -1
    33    45     1    -1
    34    45     1    -1
    35    45     1    -1
    36    45     1    -1
    37    45     1    -1
    38    45     1    -1
    39    45     1    -1
    40    45     1    -1
    41    45     1    -1
    42    45     1    -1
    43    45     1    -1
    44    45     1    -1
    45    45     1    -1
    46    45     1    -1
    47    45     1    -1
    48    45     1    -1
    49    45     1    -1
    50    45     1    -1
    51    45     1    -1
    52    45     1    -1
    53    45     1    -1
    54    45     1    -1
    55    45     1    -1
    56    45     1    -1
    57    45     1    -1
    58    45     1    -1
    59    45     1    -1
    60    45     1    -1
    61    45     1    -1
    62    45     1    -1
    63    45     1    -1
    64    45     1    -1
    65    45     1    -1
    66    45     1    -1
    67    45     1    -1
    68    45     1    -1
    69    45     1    -1
    70    45     1    -1
    71    45     1    -1
    72    45     1    -1
    73    45     1    -1
    74    45     1    -1
    75    45     1    -1
    76    45     1    -1
    77    45     1    -1
    78    45     1    -1
    79    45     1    -1
    21    46     1    -1
    22    46     1    -1
    23    46     1    -1
    24    46     1    -1
    25    46     1    -1
    26    46     1    -1
    27    46     1    -1
    28    46     1    -1
    29    46     1    -1
    30    46     1    -1
    31    46     1    -1
    32    46     1    -1
    33    46     1    -1
    34    46     1    -1
    35    46     1    -1
    36    46     1    -1
    37    46     1    -1
    38    46     1    -1
    39    46     1    -1
    40    46     1    -1
    41    46     1    -1
    42    46     1    -1
    43    46     1    -1
    44    46     1    -1
    45    46     1    -1
    46    46     1    -1
    47    46     1    -1
    48    46     1    -1
    49    46     1    -1
    50    46     1    -1
    51    46     1    -1
    52    46     1    -1
    53    46     1    -1
    54    46     1    -1
    55    46     1    -1
    56    46     1    -1
    57    46     1    -1
    58    46     1    -1
    59    46     1    -1
    60    46     1    -1
    61    46     1    -1
    62    46     1    -1
    63    46     1    -1
    64    46     1    -1
    65    46     1    -1
    66    46     1    -1
    67    46     1    -1
    68    46     1    -1
    69    46     1    -1
    70    46     1    -1
    71    46     1    -1
    72    46     1    -1
    73    46     1    -1
    74    46     1    -1
    75    46     1    -1
    76    46     1    -1
    77    46     1    -1
    78    46     1    -1
    79    46     1    -1
    21    47     1    -1
    22    47     1    -1
    23    47     1    -1
    24    47     1    -1
    25    47     1    -1
    26    47     1    -1
    27    47     1    -1
    28    47     1    -1
    29    47     1    -1
    30    47     1    -1
    31    47     1    -1
    32    47     1    -1
    33    47     1    -1
    34    47     1    -1
    35    47     1    -1
    36    47     1    -1
    37    47     1    -1
    38    47     1    -1
    39    47     1    -1
    40    47     1    -1
    41    47     1    -1
    42    47     1    -1
    43    47     1    -1
    44    47     1    -1
    45    47     1    -1
    46    47     1    -1
    47    47     1    -1
    48    47     1    -1
    49    47     1    -1
    50    47     1    -1
    51    47     1    -1
    52    47     1    -1
    53    47     1    -1
    54    47     1    -1
    55    47     1    -1
    56    47     1    -1
    57    47     1    -1
    58    47     1    -1
    59    47     1    -1
    60    47     1    -1
    61    47     1    -1
    62    47     1    -1
    63    47     1    -1
    64    47     1    -1
    65    47     1    -1
    66    47     1    -1
    67    47     1    -1
    68    47     1    -1
    69    47     1    -1
    70    47     1    -1
    71    47     1    -1
    72    47     1    -1
    73    47     1    -1
    74    47     1    -1
    75    47     1    -1
    76    47     1    -1
    77    47     1    -1
    78    47     1    -1
    79    47     1    -1
    21    48     1    -1
    22    48     1    -1
    23    48     1    -1
    24    48     1    -1
    25    48     1    -1
    26    48     1    -1
    27    48     1    -1
    28    48     1    -1
    29    48     1    -1
    30    48     1    -1
    31    48     1    -1
    32    48     1    -1
    33    48     1    -1
    34    48     1    -1
    35    48     1    -1
    36    48     1    -1
    37    48     1    -1
    38    48     1    -1
    39    48     1    -1
    40    48     1    -1
    41    48     1    -1
    42    48     1    -1
    43    48     1    -1
    44    48     1    -1
    45    48     1    -1
    46    48     1    -1
    47    48     1    -1
    48    48     1    -1
    49    48     1    -1
    50    48     1    -1
    51    48     1    -1
    52    48     1    -1
    53    48     1    -1
    54    48     1    -1
    55    48     1    -1
    56    48     1    -1
    57    48     1    -1
    58    48     1    -1
    59    48     1    -1
    60    48     1    -1
    61    48     1    -1
    62    48     1    -1
    63    48     1    -1
    64    48     1    -1
    65    48     1    -1
    66    48     1    -1
    67    48     1    -1
    68    48     1    -1
    69    48     1    -1
    70    48     1    -1
    71    48     1    -1
    72    48     1    -1
    73    48     1    -1
    74    48     1    -1
    75    48     1    -1
    76    48     1    -1
    77    48     1    -1
    78    48     1    -1
    79    48     1    -1
    21    49     1    -1
    22    49     1    -1
    23    49     1    -1
    24    49     1    -1
    25    49     1    -1
    26    49     1    -1
    27    49     1    -1
    28    49     1    -1
    29    49     1    -1
    30    49     1    -1
    31    49     1    -1
    32    49     1    -1
    33    49     1    -1
    34    49     1    -1
    35    49     1    -1
    36    49     1    -1
    37    49     1    -1
    38    49     1    -1
    39    49     1    -1
    40    49     1    -1
    41    49     1    -1
    42    49     1    -1
    43    49     1    -1
    44    49     1    -1
    45    49     1    -1
    46    49     1    -1
    47    49     1    -1
    48    49     1    -1
    49    49     1    -1
    50    49     1    -1
    51    49     1    -1
    52    49     1    -1
    53    49     1    -1
    54    49     1    -1
    55    49     1    -1
    56    49     1    -1
    57    49     1    -1
    58    49     1    -1
    59    49     1    -1
    60    49     1    -1
    61    49     1    -1
    62    49     1    -1
    63    49     1    -1
    64    49     1    -1
    65    49     1    -1
    66    49     1    -1
    67    49     1    -1
    68    49     1    -1
    69    49     1    -1
    70    49     1    -1
    71    49     1    -1
    72    49     1    -1
    73    49     1    -1
    74    49     1    -1
    75    49     1    -1
    76    49     1    -1
    77    49     1    -1
    78    49     1    -1
    79    49     1    -1
    21    50     1    -1
    22    50     1    -1
    23    50     1    -1
    24    50     1    -1
    25    50     1    -1
    26    50     1    -1
    27    50     1    -1
    28    50     1    -1
    29    50     1    -1
    30    50     1    -1
    31    50     1    -1
    32    50     1    -1
    33    50     1    -1
    34    50     1    -1
    35    50     1    -1
    36    50     1    -1
    37    50     1    -1
    38    50     1    -1
    39    50     1    -1
    40    50     1    -1
    41    50     1    -1
    42    50     1    -1
    43    50     1    -1
    44    50     1    -1
    45    50     1    -1
    46    50     1    -1
    47    50     1    -1
    48    50     1    -1
    49    50     1    -1
    50    50     1    -1
    51    50     1    -1
    52    50     1    -1
    53    50     1    -1
    54    50     1    -1
    55    50     1    -1
    56    50     1    -1
    57    50     1    -1
    58    50     1    -1
    59    50     1    -1
    60    50     1    -1
    61    50     1    -1
    62    50     1    -1
    63    50     1    -1
    64    50     1    -1
    65    50     1    -1
    66    50     1    -1
    67    50     1    -1
    68    50     1    -1
    69    50     1    -1
    70    50     1    -1
    71    50     1    -1
    72    50     1    -1
    73    50     1    -1
    74    50     1    -1
    75    50     1    -1
    76    50     1    -1
    77    50     1    -1
    78    50     1    -1
    79    50     1    -1
    21    51     1    -1
    22    51     1    -1
    23    51     1    -1
    24    51     1    -1
    25    51     1    -1
    26    51     1    -1
    27    51     1    -1
    28    51     1    -1
    29    51     1    -1
    30    51     1    -1
    31    51     1    -1
    32    51     1    -1
    33    51     1    -1
    34    51     1    -1
    35    51     1    -1
    36    51     1    -1
    37    51     1    -1
    38    51     1    -1
    39    51     1    -1
    40    51     1    -1
    41    51     1    -1
    42    51     1    -1
    43    51     1    -1
    44    51     1    -1
    45    51     1    -1
    46    51     1    -1
    47    51     1    -1
    48    51     1    -1
    49    51     1    -1
    50    51     1    -1
    51    51     1    -1
    52    51     1    -1
    53    51     1    -1
    54    51     1    -1
    55    51     1    -1
    56    51     1    -1
    57    51     1    -1
    58    51     1    -1
    59    51     1    -1
    60    51     1    -1
    61    51     1    -1
    62    51     1    -1
    63    51     1    -1
    64    51     1    -1
    65    51     1    -1
    66    51     1    -1
    67    51     1    -1
    68    51     1    -1
    69    51     1    -1
    70    51     1    -1
    71    51     1    -1
    72    51     1    -1
    73    51     1    -1
    74    51     1    -1
    75    51     1    -1
    76    51     1    -1
    77    51     1    -1
    78    51     1    -1
    79    51     1    -1
    21    52     1    -1
    22    52     1    -1
    23    52     1    -1
    24    52     1    -1
    25    52     1    -1
    26    52     1    -1
    27    52     1    -1
    28    52     1    -1
    29    52     1    -1
    30    52     1    -1
    31    52     1    -1
    32    52     1    -1
    33    52     1    -1
    34    52     1    -1
    35    52     1    -1
    36    52     1    -1
    37    52     1    -1
    38    52     1    -1
    39    52     1    -1
    40    52     1    -1
    41    52     1    -1
    42    52     1    -1
    43    52     1    -1
    44    52     1    -1
    45    52     1    -1
    46    52     1    -1
    47    52     1    -1
    48    52     1    -1
    49    52     1    -1
    50    52     1    -1
    51    52     1    -1
    52    52     1    -1
    53    52     1    -1
    54    52     1    -1
    55    52     1    -1
    56    52     1    -1
    57    52     1    -1
    58    52     1    -1
    59    52     1    -1
    60    52     1    -1
    61    52     1    -1
    62    52     1    -1
    63    52     1    -1
    64    52     1    -1
    65    52     1    -1
    66    52     1    -1
    67    52     1    -1
    68    52     1    -1
    69    52     1    -1
    70    52     1    -1
    71    52     1    -1
    72    52     1    -1
    73    52     1    -1
    74    52     1    -1
    75    52     1    -1
    76    52     1    -1
    77    52     1    -1
    78    52     1    -1
    79    52     1    -1
    21    53     1    -1
    22    53     1    -1
    23    53     1    -1
    24    53     1    -1
    25    53     1    -1
    26    53     1    -1
    27    53     1    -1
    28    53     1    -1
    29    53     1    -1
    30    53     1    -1
    31    53     1    -1
    32    53     1    -1
    33    53     1    -1
    34    53     1    -1
    35    53     1    -1
    36    53     1    -1
    37    53     1    -1
    38    53     1    -1
    39    53     1    -1
    40    53     1    -1
    41    53     1    -1
    42    53     1    -1
    43    53     1    -1
    44    53     1    -1
    45    53     1    -1
    46    53     1    -1
    47    53     1    -1
    48    53     1    -1
    49    53     1    -1
    50    53     1    -1
    51    53     1    -1
    52    53     1    -1
    53    53     1    -1
    54    53     1    -1
    55    53     1    -1
    56    53     1    -1
    57    53     1    -1
    58    53     1    -1
    59    53     1    -1
    60    53     1    -1
    61    53     1    -1
    62    53     1    -1
    63    53     1    -1
    64    53     1    -1
    65    53     1    -1
    66    53     1    -1
    67    53     1    -1
    68    53     1    -1
    69    53     1    -1
    70    53     1    -1
    71    53     1    -1
    72    53     1    -1
    73    53     1    -1
    74    53     1    -1
    75    53     1    -1
    76    53     1    -1
    77    53     1    -1
    78    53     1    -1
    79    53     1    -1
    21    54     1    -1
    22    54     1    -1
    23    54     1    -1
    24    54     1    -1
    25    54     1    -1
    26    54     1    -1
    27    54     1    -1
    28    54     1    -1
    29    54     1    -1
    30    54     1    -1
    31    54     1    -1
    32    54     1    -1
    33    54     1    -1
    34    54     1    -1
    35    54     1    -1
    36    54     1    -1
    37    54     1    -1
    38    54     1    -1
    39    54     1    -1
    40    54     1    -1
    41    54     1    -1
    42    54     1    -1
    43    54     1    -1
    44    54     1    -1
    45    54     1    -1
    46    54     1    -1
    47    54     1    -1
    48    54     1    -1
    49    54     1    -1
    50    54     1    -1
    51    54     1    -1
    52    54     1    -1
    53    54     1    -1
    54    54     1    -1
    55    54     1    -1
    56    54     1    -1
    57    54     1    -1
    58    54     1    -1
    59    54     1    -1
    60    54     1    -1
    61    54     1    -1
    62    54     1    -1
    63    54     1    -1
    64    54     1    -1
    65    54     1    -1
    66    54     1    -1
    67    54     1    -1
    68    54     1    -1
    69    54     1    -1
    70    54     1    -1
    71    54     1    -1
    72    54     1    -1
    73    54     1    -1
    74    54     1    -1
    75    54     1    -1
    76    54     1    -1
    77    54     1    -1
    78    54     1    -1
    79    54     1    -1
    21    55     1    -1
    22    55     1    -1
    23    55     1    -1
    24    55     1    -1
    25    55     1    -1
    26    55     1    -1
    27    55     1    -1
    28    55     1    -1
    29    55     1    -1
    30    55     1    -1
    31    55     1    -1
    32    55     1    -1
    33    55     1    -1
    34    55     1    -1
    35    55     1    -1
    36    55     1    -1
    37    55     1    -1
    38    55     1    -1
    39    55     1    -1
    40    55     1    -1
    41    55     1    -1
    42    55     1    -1
    43    55     1    -1
    44    55     1    -1
    45    55     1    -1
    46    55     1    -1
    47    55     1    -1
    48    55     1    -1
    49    55     1    -1
    50    55     1    -1
    51    55     1    -1
    52    55     1    -1
    53    55     1    -1
    54    55     1    -1
    55    55     1    -1
    56    55     1    -1
    57    55     1    -1
    58    55     1    -1
    59    55     1    -1
    60    55     1    -1
    61    55     1    -1
    62    55     1    -1
    63    55     1    -1
    64    55     1    -1
    65    55     1    -1
    66    55     1    -1
    67    55     1    -1
    68    55     1    -1
    69    55     1    -1
    70    55     1    -1
    71    55     1    -1
    72    55     1    -1
    73    55     1    -1
    74    55     1    -1
    75    55     1    -1
    76    55     1    -1
    77    55     1    -1
    78    55     1    -1
    79    55     1    -1
    21    56     1    -1
    22    56     1    -1
    23    56     1    -1
    24    56     1    -1
    25    56     1    -1
    26    56     1    -1
    27    56     1    -1
    28    56     1    -1
    29    56     1    -1
    30    56     1    -1
    31    56     1    -1
    32    56     1    -1
    33    56     1    -1
    34    56     1    -1
    35    56     1    -1
    36    56     1    -1
    37    56     1    -1
    38    56     1    -1
    39    56     1    -1
    40    56     1    -1
    41    56     1    -1
    42    56     1    -1
    43    56     1    -1
    44    56     1    -1
    45    56     1    -1
    46    56     1    -1
    47    56     1    -1
    48    56     1    -1
    49    56     1    -1
    50    56     1    -1
    51    56     1    -1
    52    56     1    -1
    53    56     1    -1
    54    56     1    -1
    55    56     1    -1
    56    56     1    -1
    57    56     1    -1
    58    56     1    -1
    59    56     1    -1
    60    56     1    -1
    61    56     1    -1
    62    56     1    -1
    63    56     1    -1
    64    56     1    -1
    65    56     1    -1
    66    56     1    -1
    67    56     1    -1
    68    56     1    -1
    69    56     1    -1
    70    56     1    -1
    71    56     1    -1
    72    56     1    -1
    73    56     1    -1
    74    56     1    -1
    75    56     1    -1
    76    56     1    -1
    77    56     1    -1
    78    56     1    -1
    79    56     1    -1
    21    57     1    -1
    22    57     1    -1
    23    57     1    -1
    24    57     1    -1
    25    57     1    -1
    26    57     1    -1
    27    57     1    -1
    28    57     1    -1
    29    57     1    -1
    30    57     1    -1
    31    57     1    -1
    32    57     1    -1
    33    57     1    -1
    34    57     1    -1
    35    57     1    -1
    36    57     1    -1
    37    57     1    -1
    38    57     1    -1
    39    57     1    -1
    40    57     1    -1
    41    57     1    -1
    42    57     1    -1
    43    57     1    -1
    44    57     1    -1
    45    57     1    -1
    46    57     1    -1
    47    57     1    -1
    48    57     1    -1
    49    57     1    -1
    50    57     1    -1
    51    57     1    -1
    52    57     1    -1
    53    57     1    -1
    54    57     1    -1
    55    57     1    -1
    56    57     1    -1
    57    57     1    -1
    58    57     1    -1
    59    57     1    -1
    60    57     1    -1
    61    57     1    -1
    62    57     1    -1
    63    57     1    -1
    64    57     1    -1
    65    57     1    -1
    66    57     1    -1
    67    57     1    -1
    68    57     1    -1
    69    57     1    -1
    70    57     1    -1
    71    57     1    -1
    72    57     1    -1
    73    57     1    -1
    74    57     1    -1
    75    57     1    -1
    76    57     1    -1
    77    57     1    -1
    78    57     1    -1
    79    57     1    -1
    22    58     1    -1
    23    58     1    -1
    24    58     1    -1
    25    58     1    -1
    26    58     1    -1
    27    58     1    -1
    28    58     1    -1
    29    58     1    -1
    30    58     1    -1
    31    58     1    -1
    32    58     1    -1
    33    58     1    -1
    34    58     1    -1
    35    58     1    -1
    36    58     1    -1
    37    58     1    -1
    38    58     1    -1
    39    58     1    -1
    40    58     1    -1
    41    58     1    -1
    42    58     1    -1
    43    58     1    -1
    44    58     1    -1
    45    58     1    -1
    46    58     1    -1
    47    58     1    -1
    48    58     1    -1
    49    58     1    -1
    50    58     1    -1
    51    58     1    -1
    52    58     1    -1
    53    58     1    -1
    54    58     1    -1
    55    58     1    -1
    56    58     1    -1
    57    58     1    -1
    58    58     1    -1
    59    58     1    -1
    60    58     1    -1
    61    58     1    -1
    62    58     1    -1
    63    58     1    -1
    64    58     1    -1
    65    58     1    -1
    66    58     1    -1
    67    58     1    -1
    68    58     1    -1
    69    58     1    -1
    70    58     1    -1
    71    58     1    -1
    72    58     1    -1
    73    58     1    -1
    74    58     1    -1
    75    58     1    -1
    76    58     1    -1
    77    58     1    -1
    78    58     1    -1
    22    59     1    -1
    23    59     1    -1
    24    59     1    -1
    25    59     1    -1
    26    59     1    -1
    27    59     1    -1
    28    59     1    -1
    29    59     1    -1
    30    59     1    -1
    31    59     1    -1
    32    59     1    -1
    33    59     1    -1
    34    59     1    -1
    35    59     1    -1
    36    59     1    -1
    37    59     1    -1
    38    59     1    -1
    39    59     1    -1
    40    59     1    -1
    41    59     1    -1
    42    59     1    -1
    43    59     1    -1
    44    59     1    -1
    45    59     1    -1
    46    59     1    -1
    47    59     1    -1
    48    59     1    -1
    49    59     1    -1
    50    59     1    -1
    51    59     1    -1
    52    59     1    -1
    53    59     1    -1
    54    59     1    -1
    55    59     1    -1
    56    59     1    -1
    57    59     1    -1
    58    59     1    -1
    59    59     1    -1
    60    59     1    -1
    61    59     1    -1
    62    59     1    -1
    63    59     1    -1
    64    59     1    -1
    65    59     1    -1
    66    59     1    -1
    67    59     1    -1
    68    59     1    -1
    69    59     1    -1
    70    59     1    -1
    71    59     1    -1
    72    59     1    -1
    73    59     1    -1
    74    59     1    -1
    75    59     1    -1
    76    59     1    -1
    77    59     1    -1
    78    59     1    -1
    22    60     1    -1
    23    60     1    -1
    24    60     1    -1
    25    60     1    -1
    26    60     1    -1
    27    60     1    -1
    28    60     1    -1
    29    60     1    -1
    30    60     1    -1
    31    60     1    -1
    32    60     1    -1
    33    60     1    -1
    34    60     1    -1
    35    60     1    -1
    36    60     1    -1
    37    60     1    -1
    38    60     1    -1
    39    60     1    -1
    40    60     1    -1
    41    60     1    -1
    42    60     1    -1
    43    60     1    -1
    44    60     1    -1
    45    60     1    -1
    46    60     1    -1
    47    60     1    -1
    48    60     1    -1
    49    60     1    -1
    50    60     1    -1
    51    60     1    -1
    52    60     1    -1
    53    60     1    -1
    54    60     1    -1
    55    60     1    -1
    56    60     1    -1
    57    60     1    -1
    58    60     1    -1
    59    60     1    -1
    60    60     1    -1
    61    60     1    -1
    62    60     1    -1
    63    60     1    -1
    64    60     1    -1
    65    60     1    -1
    66    60     1    -1
    67    60     1    -1
    68    60     1    -1
    69    60     1    -1
    70    60     1    -1
    71    60     1    -1
    72    60     1    -1
    73    60     1    -1
    74    60     1    -1
    75    60     1    -1
    76    60     1    -1
    77    60     1    -1
    78    60     1    -1
    23    61     1    -1
    24    61     1    -1
    25    61     1    -1
    26    61     1    -1
    27    61     1    -1
    28    61     1    -1
    29    61     1    -1
    30    61     1    -1
    31    61     1    -1
    32    61     1    -1
    33    61     1    -1
    34    61     1    -1
    35    61     1    -1
    36    61     1    -1
    37    61     1    -1
    38    61     1    -1
    39    61     1    -1
    40    61     1    -1
    41    61     1    -1
    42    61     1    -1
    43    61     1    -1
    44    61     1    -1
    45    61     1    -1
    46    61     1    -1
    47    61     1    -1
    48    61     1    -1
    49    61     1    -1
    50    61     1    -1
    51    61     1    -1
    52    61     1    -1
    53    61     1    -1
    54    61     1    -1
    55    61     1    -1
    56    61     1    -1
    57    61     1    -1
    58    61     1    -1
    59    61     1    -1
    60    61     1    -1
    61    61     1    -1
    62    61     1    -1
    63    61     1    -1
    64    61     1    -1
    65    61     1    -1
    66    61     1    -1
    67    61     1    -1
    68    61     1    -1
    69    61     1    -1
    70    61     1    -1
    71    61     1    -1
    72    61     1    -1
    73    61     1    -1
    74    61     1    -1
    75    61     1    -1
    76    61     1    -1
    77    61     1    -1
    23    62     1    -1
    24    62     1    -1
    25    62     1    -1
    26    62     1    -1
    27    62     1    -1
    28    62     1    -1
    29    62     1    -1
    30    62     1    -1
    31    62     1    -1
    32    62     1    -1
    33    62     1    -1
    34    62     1    -1
    35    62     1    -1
    36    62     1    -1
    37    62     1    -1
    38    62     1    -1
    39    62     1    -1
    40    62     1    -1
    41    62     1    -1
    42    62     1    -1
    43    62     1    -1
    44    62     1    -1
    45    62     1    -1
    46    62     1    -1
    47    62     1    -1
    48    62     1    -1
    49    62     1    -1
    50    62     1    -1
    51    62     1    -1
    52    62     1    -1
    53    62     1    -1
    54    62     1    -1
    55    62     1    -1
    56    62     1    -1
    57    62     1    -1
    58    62     1    -1
    59    62     1    -1
    60    62     1    -1
    61    62     1    -1
    62    62     1    -1
    63    62     1    -1
    64    62     1    -1
    65    62     1    -1
    66    62     1    -1
    67    62     1    -1
    68    62     1    -1
    69    62     1    -1
    70    62     1    -1
    71    62     1    -1
    72    62     1    -1
    73    62     1    -1
    74    62     1    -1
    75    62     1    -1
    76    62     1    -1
    77    62     1    -1
    23    63     1    -1
    24    63     1    -1
    25    63     1    -1
    26    63     1    -1
    27    63     1    -1
    28    63     1    -1
    29    63     1    -1
    30    63     1    -1
    31    63     1    -1
    32    63     1    -1
    33    63     1    -1
    34    63     1    -1
    35    63     1    -1
    36    63     1    -1
    37    63     1    -1
    38    63     1    -1
    39    63     1    -1
    40    63     1    -1
    41    63     1    -1
    42    63     1    -1
    43    63     1    -1
    44    63     1    -1
    45    63     1    -1
    46    63     1    -1
    47    63     1    -1
    48    63     1    -1
    49    63     1    -1
    50    63     1    -1
    51    63     1    -1
    52    63     1    -1
    53    63     1    -1
    54    63     1    -1
    55    63     1    -1
    56    63     1    -1
    57    63     1    -1
    58    63     1    -1
    59    63     1    -1
    60    63     1    -1
    61    63     1    -1
    62    63     1    -1
    63    63     1    -1
    64    63     1    -1
    65    63     1    -1
    66    63     1    -1
    67    63     1    -1
    68    63     1    -1
    69    63     1    -1
    70    63     1    -1
    71    63     1    -1
    72    63     1    -1
    73    63     1    -1
    74    63     1    -1
    75    63     1    -1
    76    63     1    -1
    77    63     1    -1
    24    64     1    -1
    25    64     1    -1
    26    64     1    -1
    27    64     1    -1
    28    64     1    -1
    29    64     1    -1
    30    64     1    -1
    31    64     1    -1
    32    64     1    -1
    33    64     1    -1
    34    64     1    -1
    35    64     1    -1
    36    64     1    -1
    37    64     1    -1
    38    64     1    -1
    39    64     1    -1
    40    64     1    -1
    41    64     1    -1
    42    64     1    -1
    43    64     1    -1
    44    64     1    -1
    45    64     1    -1
    46    64     1    -1
    47    64     1    -1
    48    64     1    -1
    49    64     1    -1
    50    64     1    -1
    51    64     1    -1
    52    64     1    -1
    53    64     1    -1
    54    64     1    -1
    55    64     1    -1
    56    64     1    -1
    57    64     1    -1
    58    64     1    -1
    59    64     1    -1
    60    64     1    -1
    61    64     1    -1
    62    64     1    -1
    63    64     1    -1
    64    64     1    -1
    65    64     1    -1
    66    64     1    -1
    67    64     1    -1
    68    64     1    -1
    69    64     1    -1
    70    64     1    -1
    71    64     1    -1
    72    64     1    -1
    73    64     1    -1
    74    64     1    -1
    75    64     1    -1
    76    64     1    -1
    25    65     1    -1
    26    65     1    -1
    27    65     1    -1
    28    65     1    -1
    29    65     1    -1
    30    65     1    -1
    31    65     1    -1
    32    65     1    -1
    33    65     1    -1
    34    65     1    -1
    35    65     1    -1
    36    65     1    -1
    37    65     1    -1
    38    65     1    -1
    39    65     1    -1
    40    65     1    -1
    41    65     1    -1
    42    65     1    -1
    43    65     1    -1
    44    65     1    -1
    45    65     1    -1
    46    65     1    -1
    47    65     1    -1
    48    65     1    -1
    49    65     1    -1
    50    65     1    -1
    51    65     1    -1
    52    65     1    -1
    53    65     1    -1
    54    65     1    -1
    55    65     1    -1
    56    65     1    -1
    57    65     1    -1
    58    65     1    -1
    59    65     1    -1
    60    65     1    -1
    61    65     1    -1
    62    65     1    -1
    63    65     1    -1
    64    65     1    -1
    65    65     1    -1
    66    65     1    -1
    67    65     1    -1
    68    65     1    -1
    69    65     1    -1
    70    65     1    -1
    71    65     1    -1
    72    65     1    -1
    73    65     1    -1
    74    65     1    -1
    75    65     1    -1
    25    66     1    -1
    26    66     1    -1
    27    66     1    -1
    28    66     1    -1
    29    66     1    -1
    30    66     1    -1
    31    66     1    -1
    32    66     1    -1
    33    66     1    -1
    34    66     1    -1
    35    66     1    -1
    36    66     1    -1
    37    66     1    -1
    38    66     1    -1
    39    66     1    -1
    40    66     1    -1
    41    66     1    -1
    42    66     1    -1
    43    66     1    -1
    44    66     1    -1
    45    66     1    -1
    46    66     1    -1
    47    66     1    -1
    48    66     1    -1
    49    66     1    -1
    50    66     1    -1
    51    66     1    -1
    52    66     1    -1
    53    66     1    -1
    54    66     1    -1
    55    66     1    -1
    56    66     1    -1
    57    66     1    -1
    58    66     1    -1
    59    66     1    -1
    60    66     1    -1
    61    66     1    -1
    62    66     1    -1
    63    66     1    -1
    64    66     1    -1
    65    66     1    -1
    66    66     1    -1
    67    66     1    -1
    68    66     1    -1
    69    66     1    -1
    70    66     1    -1
    71    66     1    -1
    72    66     1    -1
    73    66     1    -1
    74    66     1    -1
    75    66     1    -1
    26    67     1    -1
    27    67     1    -1
    28    67     1    -1
    29    67     1    -1
    30    67     1    -1
    31    67     1    -1
    32    67     1    -1
    33    67     1    -1
    34    67     1    -1
    35    67     1    -1
    36    67     1    -1
    37    67     1    -1
    38    67     1    -1
    39    67     1    -1
    40    67     1    -1
    41    67     1    -1
    42    67     1    -1
    43    67     1    -1
    44    67     1    -1
    45    67     1    -1
    46    67     1    -1
    47    67     1    -1
    48    67     1    -1
    49    67     1    -1
    50    67     1    -1
    51    67     1    -1
    52    67     1    -1
    53    67     1    -1
    54    67     1    -1
    55    67     1    -1
    56    67     1    -1
    57    67     1    -1
    58    67     1    -1
    59    67     1    -1
    60    67     1    -1
    61    67     1    -1
    62    67     1    -1
    63    67     1    -1
    64    67     1    -1
    65    67     1    -1
    66    67     1    -1
    67    67     1    -1
    68    67     1    -1
    69    67     1    -1
    70    67     1    -1
    71    67     1    -1
    72    67     1    -1
    73    67     1    -1
    74    67     1    -1
    27    68     1    -1
    28    68     1    -1
    29    68     1    -1
    30    68     1    -1
    31    68     1    -1
    32    68     1    -1
    33    68     1    -1
    34    68     1    -1
    35    68     1    -1
    36    68     1    -1
    37    68     1    -1
    38    68     1    -1
    39    68     1    -1
    40    68     1    -1
    41    68     1    -1
    42    68     1    -1
    43    68     1    -1
    44    68     1    -1
    45    68     1    -1
    46    68     1    -1
    47    68     1    -1
    48    68     1    -1
    49    68     1    -1
    50    68     1    -1
    51    68     1    -1
    52    68     1    -1
    53    68     1    -1
    54    68     1    -1
    55    68     1    -1
    56    68     1    -1
    57    68     1    -1
    58    68     1    -1
    59    68     1    -1
    60    68     1    -1
    61    68     1    -1
    62    68     1    -1
    63    68     1    -1
    64    68     1    -1
    65    68     1    -1
    66    68     1    -1
    67    68     1    -1
    68    68     1    -1
    69    68     1    -1
    70    68     1    -1
    71    68     1    -1
    72    68     1    -1
    73    68     1    -1
    27    69     1    -1
    28    69     1    -1
    29    69     1    -1
    30    69     1    -1
    31    69     1    -1
    32    69     1    -1
    33    69     1    -1
    34    69     1    -1
    35    69     1    -1
    36    69     1    -1
    37    69     1    -1
    38    69     1    -1
    39    69     1    -1
    40    69     1    -1
    41    69     1    -1
    42    69     1    -1
    43    69     1    -1
    44    69     1    -1
    45    69     1    -1
    46    69     1    -1
    47    69     1    -1
    48    69     1    -1
    49    69     1    -1
    50    69     1    -1
    51    69     1    -1
    52    69     1    -1
    53    69     1    -1
    54    69     1    -1
    55    69     1    -1
    56    69     1    -1
    57    69     1    -1
    58    69     1    -1
    59    69     1    -1
    60    69     1    -1
    61    69     1    -1
    62    69     1    -1
    63    69     1    -1
    64    69     1    -1
    65    69     1    -1
    66    69     1    -1
    67    69     1    -1
    68    69     1    -1
    69    69     1    -1
    70    69     1    -1
    71    69     1    -1
    72    69     1    -1
    73    69     1    -1
    28    70     1    -1
    29    70     1    -1
    30    70     1    -1
    31    70     1    -1
    32    70     1    -1
    33    70     1    -1
    34    70     1    -1
    35    70     1    -1
    36    70     1    -1
    37    70     1    -1
    38    70     1    -1
    39    70     1    -1
    40    70     1    -1
    41    70     1    -1
    42    70     1    -1
    43    70     1    -1
    44    70     1    -1
    45    70     1    -1
    46    70     1    -1
    47    70     1    -1
    48    70     1    -1
    49    70     1    -1
    50    70     1    -1
    51    70     1    -1
    52    70     1    -1
    53    70     1    -1
    54    70     1    -1
    55    70     1    -1
    56    70     1    -1
    57    70     1    -1
    58    70     1    -1
    59    70     1    -1
    60    70     1    -1
    61    70     1    -1
    62    70     1    -1
    63    70     1    -1
    64    70     1    -1
    65    70     1    -1
    66    70     1    -1
    67    70     1    -1
    68    70     1    -1
    69    70     1    -1
    70    70     1    -1
    71    70     1    -1
    72    70     1    -1
    29    71     1    -1
    30    71     1    -1
    31    71     1    -1
    32    71     1    -1
    33    71     1    -1
    34    71     1    -1
    35    71     1    -1
    36    71     1    -1
    37    71     1    -1
    38    71     1    -1
    39    71     1    -1
    40    71     1    -1
    41    71     1    -1
    42    71     1    -1
    43    71     1    -1
    44    71     1    -1
    45    71     1    -1
    46    71     1    -1
    47    71     1    -1
    48    71     1    -1
    49    71     1    -1
    50    71     1    -1
    51    71     1    -1
    52    71     1    -1
    53    71     1    -1
    54    71     1    -1
    55    71     1    -1
    56    71     1    -1
    57    71     1    -1
    58    71     1    -1
    59    71     1    -1
    60    71     1    -1
    61    71     1    -1
    62    71     1    -1
    63    71     1    -1
    64    71     1    -1
    65    71     1    -1
    66    71     1    -1
    67    71     1    -1
    68    71     1    -1
    69    71     1    -1
    70    71     1    -1
    71    71     1    -1
    30    72     1    -1
    31    72     1    -1
    32    72     1    -1
    33    72     1    -1
    34    72     1    -1
    35    72     1    -1
    36    72     1    -1
    37    72     1    -1
    38    72     1    -1
    39    72     1    -1
    40    72     1    -1
    41    72     1    -1
    42    72     1    -1
    43    72     1    -1
    44    72     1    -1
    45    72     1    -1
    46    72     1    -1
    47    72     1    -1
    48    72     1    -1
    49    72     1    -1
    50    72     1    -1
    51    72     1    -1
    52    72     1    -1
    53    72     1    -1
    54    72     1    -1
    55    72     1    -1
    56    72     1    -1
    57    72     1    -1
    58    72     1    -1
    59    72     1    -1
    60    72     1    -1
    61    72     1    -1
    62    72     1    -1
    63    72     1    -1
    64    72     1    -1
    65    72     1    -1
    66    72     1    -1
    67    72     1    -1
    68    72     1    -1
    69    72     1    -1
    70    72     1    -1
    31    73     1    -1
    32    73     1    -1
    33    73     1    -1
    34    73     1    -1
    35    73     1    -1
    36    73     1    -1
    37    73     1    -1
    38    73     1    -1
    39    73     1    -1
    40    73     1    -1
    41    73     1    -1
    42    73     1    -1
    43    73     1    -1
    44    73     1    -1
    45    73     1    -1
    46    73     1    -1
    47    73     1    -1
    48    73     1    -1
    49    73     1    -1
    50    73     1    -1
    51    73     1    -1
    52    73     1    -1
    53    73     1    -1
    54    73     1    -1
    55    73     1    -1
    56    73     1    -1
    57    73     1    -1
    58    73     1    -1
    59    73     1    -1
    60    73     1    -1
    61    73     1    -1
    62    73     1    -1
    63    73     1    -1
    64    73     1    -1
    65    73     1    -1
    66    73     1    -1
    67    73     1    -1
    68    73     1    -1
    69    73     1    -1
    33    74     1    -1
    34    74     1    -1
    35    74     1    -1
    36    74     1    -1
    37    74     1    -1
    38    74     1    -1
    39    74     1    -1
    40    74     1    -1
    41    74     1    -1
    42    74     1    -1
    43    74     1    -1
    44    74     1    -1
    45    74     1    -1
    46    74     1    -1
    47    74     1    -1
    48    74     1    -1
    49    74     1    -1
    50    74     1    -1
    51    74     1    -1
    52    74     1    -1
    53    74     1    -1
    54    74     1    -1
    55    74     1    -1
    56    74     1    -1
    57    74     1    -1
    58    74     1    -1
    59    74     1    -1
    60    74     1    -1
    61    74     1    -1
    62    74     1    -1
    63    74     1    -1
    64    74     1    -1
    65    74     1    -1
    66    74     1    -1
    67    74     1    -1
    34    75     1    -1
    35    75     1    -1
    36    75     1    -1
    37    75     1    -1
    38    75     1    -1
    39    75     1    -1
    40    75     1    -1
    41    75     1    -1
    42    75     1    -1
    43    75     1    -1
    44    75     1    -1
    45    75     1    -1
    46    75     1    -1
    47    75     1    -1
    48    75     1    -1
    49    75     1    -1
    50    75     1    -1
    51    75     1    -1
    52    75     1    -1
    53    75     1    -1
    54    75     1    -1
    55    75     1    -1
    56    75     1    -1
    57    75     1    -1
    58    75     1    -1
    59    75     1    -1
    60    75     1    -1
    61    75     1    -1
    62    75     1    -1
    63    75     1    -1
    64    75     1    -1
    65    75     1    -1
    66    75     1    -1
    36    76     1    -1
    37    76     1    -1
    38    76     1    -1
    39    76     1    -1
    40    76     1    -1
    41    76     1    -1
    42    76     1    -1
    43    76     1    -1
    44    76     1    -1
    45    76     1    -1
    46    76     1    -1
    47    76     1    -1
    48    76     1    -1
    49    76     1    -1
    50    76     1    -1
    51    76     1    -1
    52    76     1    -1
    53    76     1    -1
    54    76     1    -1
    55    76     1    -1
    56    76     1    -1
    57    76     1    -1
    58    76     1    -1
    59    76     1    -1
    60    76     1    -1
    61    76     1    -1
    62    76     1    -1
    63    76     1    -1
    64    76     1    -1
    37    77     1    -1
    38    77     1    -1
    39    77     1    -1
    40    77     1    -1
    41    77     1    -1
    42    77     1    -1
    43    77     1    -1
    44    77     1    -1
    45    77     1    -1
    46    77     1    -1
    47    77     1    -1
    48    77     1    -1
    49    77     1    -1
    50    77     1    -1
    51    77     1    -1
    52    77     1    -1
    53    77     1    -1
    54    77     1    -1
    55    77     1    -1
    56    77     1    -1
    57    77     1    -1
    58    77     1    -1
    59    77     1    -1
    60    77     1    -1
    61    77     1    -1
    62    77     1    -1
    63    77     1    -1
    40    78     1    -1
    41    78     1    -1
    42    78     1    -1
    43    78     1    -1
    44    78     1    -1
    45    78     1    -1
    46    78     1    -1
    47    78     1    -1
    48    78     1    -1
    49    78     1    -1
    50    78     1    -1
    51    78     1    -1
    52    78     1    -1
    53    78     1    -1
    54    78     1    -1
    55    78     1    -1
    56    78     1    -1
    57    78     1    -1
    58    78     1    -1
    59    78     1    -1
    60    78     1    -1
    43    79     1    -1
    44    79     1    -1
    45    79     1    -1
    46    79     1    -1
    47    79     1    -1
    48    79     1    -1
    49    79     1    -1
    50    79     1    -1
    51    79     1    -1
    52    79     1    -1
    53    79     1    -1
    54    79     1    -1
    55    79     1    -1
    56    79     1    -1
    57    79     1    -1
